<<<<<<< HEAD
<<<<<<< HEAD
=======
>>>>>>> parent of edc7269... Code for Hex
  27    5  140  117  233    9  219  137   93  186 
 142  205   52  150  143   63   94   52   26  244 
  76   71  248   29  122  174  126  120  107  184 
 144  209   84  218  182  110   84  141  120  251 
  29  153   46  157   60  165  165  165  165  165 
 112   60  251   14  213   90  209  112  217  198 
 230  111  127  232  233   83  117  141  196  225 
 228  216   35   77   75  125   46   53  139    2 
 156  234  143  180   27  146  247  152   86  115 
   5   61  125   96  210   12  184  152   19  135 
<<<<<<< HEAD
=======
  27   5 140 117 233   9 219 137  93 186
 142 205  52 150 143  63  94  52  26 244
  76  71 248  29 122 174 126 120 107 184
 144 209  84 218 182 110  84 141 120 251
  29 153  46 157  60 165 165 165 165 165
 112  60 251  14 213  90 209 112 217 198
 230 111 127 232 233  83 117 141 196 225
 228 216  35  77  75 125  46  53 139   2
 156 234 143 180  27 146 247 152  86 115
   5  61 125  96 210  12 184 152  19 135
>>>>>>> ac59815d57f949ce14cb0c4ab6295afea3691607
=======
>>>>>>> parent of edc7269... Code for Hex
